id	effectiveTime	active	moduleId	refsetId	referencedComponentId	targetComponentId
00548d88-3544-55ce-9084-7b323ee327e7	20040731	1	900000000000207008	900000000000527005	205787009	254245008
0107fca2-4715-5568-9cdf-cd82b4014b82	20020731	1	900000000000207008	900000000000523009	38807002	372087000
015e0f11-0035-5d99-a339-6c916007319e	20080131	1	900000000000207008	900000000000523009	12094002	76508002
0290589e-8de0-5ffe-8f89-15b278d62379	20130731	1	900000000000207008	900000000000523009	123397009	609336008
029f1f67-48b1-5773-b14c-1d6825f11797	20140131	1	900000000000207008	900000000000523009	105592009	91302008
04aaed66-e346-57f0-b77d-1554bb266731	20100731	1	900000000000207008	900000000000527005	231976001	424416009
04ae1445-6cc4-5a3b-88ef-dc8b533bf72a	20140131	1	900000000000207008	900000000000524003	93572002	416516009
0601ced4-75a3-50ae-9558-2da24b05bb11	20040731	1	900000000000207008	900000000000523009	118628001	409066002
07cbc862-5790-539f-90ef-3cb37c8595bf	20070731	1	900000000000207008	900000000000523009	306720004	64331004
083f96ff-28d4-5aa7-9b84-afc2bf754e07	20040131	1	900000000000207008	900000000000527005	363692008	29753000
08c40e8a-e594-5369-9fe3-acfa6b59cb17	20130731	1	900000000000207008	900000000000523009	118943001	609620004
08ce3e89-a864-5233-ae48-fbfc5fe4625b	20130731	0	900000000000207008	900000000000523009	419076005	418925002
092665ed-4ac4-57cf-b7bf-53f6093b5697	20030131	1	900000000000207008	900000000000527005	270478005	193462001
09b6fcee-0d70-508c-97f3-8dd7da14315e	20140131	1	900000000000207008	900000000000523009	302934007	699699005
09b92f53-0544-5576-9d01-afcb04230105	20040731	1	900000000000207008	900000000000527005	49910001	307132003
0a14eabc-da1b-5c20-89c7-3437ded1624a	20030731	1	900000000000207008	900000000000523009	109265005	400010006
0a93c280-c4af-512e-9aea-e5adb9bc05f8	20100131	1	900000000000207008	900000000000523009	268477000	412726003
0c0be57f-7ff1-5922-ae85-e718055375d4	20050731	1	900000000000207008	900000000000523009	50394002	416207009
0ca86b14-c834-5df3-b72b-2aad2d46db06	20040731	1	900000000000207008	900000000000527005	119372001	309051001
0d3717c6-2b9b-5857-834a-73d392b311ae	20050731	1	900000000000207008	900000000000523009	74069000	416093006
0d92da8a-0c9c-50a2-9cfb-ab3afe885d66	20140604	1	900000000000207008	900000000000527005	299700003	702468001
0deb8be3-3cba-52e8-9540-00b1ef84ac6b	20030731	1	900000000000207008	900000000000523009	3739008	397430003
101f68f3-4697-539f-9789-b91c867d947e	20070131	1	900000000000207008	900000000000523009	27760002	314802006
1090a7f3-4b0b-5d85-a080-2795f8ad62f3	20140131	1	900000000000207008	900000000000524003	91874003	416516009
112b3f99-c662-5b73-aaf1-f05be39477f1	20060131	1	900000000000207008	900000000000523009	32055008	311492009
11e36ad1-e17b-535b-8505-a4530950517f	20020731	1	900000000000207008	900000000000523009	194345004	20425006
1237af26-80c6-579c-ae97-b2ea599b36e6	20030731	1	900000000000207008	900000000000527005	128118007	302810003
123ced9f-93ae-50da-909d-858cf7fd8218	20040131	1	900000000000207008	900000000000526001	38318006	118797008
12e119d2-fa89-56e7-8c70-5751d61cc00a	20090131	1	900000000000207008	900000000000523009	189117002	441459009
13953f21-92f6-5137-b1fb-8e3127b901fb	20040131	0	900000000000207008	900000000000527005	312061002	50050003
14e1d721-fd17-5bbc-b533-d350482146f7	20050131	1	900000000000207008	900000000000527005	298384002	298385001
15f4c286-d0b7-5436-8076-b559538b82fc	20050131	1	900000000000207008	900000000000523009	8957000	414024009
166c2d74-9cdd-5892-a1d0-203a612e171e	20070131	1	900000000000207008	900000000000523009	79723009	422977003
16ef60a0-545e-542d-aea6-701984065d88	20060731	1	900000000000207008	900000000000527005	61402003	281004000
171488bc-a04e-5223-a940-fc8863e94c4f	20040731	1	900000000000207008	900000000000523009	271360006	123038009
18657621-7cca-55e5-b73c-74d235e17c33	20100131	1	900000000000207008	900000000000523009	240201007	442868003
18b9cea0-7eff-5123-8d31-51177f1b8137	20060131	1	900000000000207008	900000000000527005	223463000	223464006
1928c1cd-87cc-5920-a167-cd9624cc7e04	20040731	1	900000000000207008	900000000000523009	264048004	187639008
193182cb-12f1-5d8f-a75c-8ab88b2cd31e	20030131	1	900000000000207008	900000000000526001	129342008	257903006
196e5b97-73ae-576a-8312-c34fcc647eff	20120731	1	900000000000207008	900000000000523009	360583002	75160005
1a2237ee-7c20-5c99-aa2b-5875be8eea53	20050131	1	900000000000207008	900000000000523009	52332009	414314005
1a628e1b-7b00-5a8b-a71b-683da0e6e711	20020731	1	900000000000207008	900000000000523009	85362000	40733004
1ab55e24-dcbf-5ac5-97b7-376d7a678d9e	20040731	0	900000000000207008	900000000000527005	275322007	70582006
1b679c2b-2881-5193-bbf0-a33d633d562c	20040731	1	900000000000207008	900000000000523009	302793009	119376003
1b70e5d4-7413-5fac-8259-0a7c06186d33	20040731	1	900000000000207008	900000000000527005	92407004	255178004
1db40b37-cbcc-50d1-9307-63b752bcf3e1	20050131	0	900000000000207008	900000000000523009	41507004	372090006
1eed57d8-d5f6-5a62-a091-68e08160e627	20060131	1	900000000000207008	900000000000523009	243073001	409073007
1fcb0658-79c0-53eb-8172-7d7121522f65	20070731	0	900000000000207008	900000000000527005	360330009	129282004
203c4032-484a-502e-acd4-9aa869ca907a	20020731	1	900000000000207008	900000000000523009	57855005	371578004
2120bf73-bc9a-5290-af9f-9909f86246a5	20070131	0	900000000000207008	900000000000526001	129359003	386019004
2148ceab-8f34-5929-bfed-363c4cdef222	20090131	1	900000000000207008	900000000000523009	118689006	362958002
218dbd18-1bb7-5416-b6af-fee681ab9a33	20140131	1	900000000000207008	900000000000524003	93436006	416516009
222b875b-9885-5034-aafe-f698ed84e53a	20080731	1	900000000000207008	900000000000523009	17571003	304582006
22c7c825-c280-5f9c-aa92-f2944bb99fe5	20080731	1	900000000000207008	900000000000527005	398901001	428126001
23df253d-fc15-5f78-9c52-8d90fdc0749a	20060131	1	900000000000207008	900000000000527005	413388006	106599006
245a3439-f87b-5c78-ba76-2380a8da0124	20080731	1	900000000000207008	900000000000523009	225426007	432102000
2464d87f-8242-5593-85ff-47e237a8b052	20050731	1	900000000000207008	900000000000523009	14107000	416209007
248760ba-1549-5e47-97ac-a6cf1423a8b2	20020731	1	900000000000207008	900000000000523009	232503003	371548008
24ef074b-219e-565e-bdd1-1afd29b90b6c	20020731	1	900000000000207008	900000000000527005	266255008	20059004
24f75032-c1dc-510f-ac73-8da3865f5ad0	20050131	1	900000000000207008	900000000000523009	125669007	282752000
25e9c500-88de-5393-82c9-89b17f113ca6	20080731	1	900000000000207008	900000000000527005	116131007	350591008
25f135cc-d6e7-5c69-b195-1ed0239db7e4	20130731	1	900000000000207008	900000000000527005	115196005	59206002
260ed0b8-a984-5779-af7d-7e5dea044cfd	20030131	1	900000000000207008	900000000000527005	360224006	129265001
28dd18a6-6ab9-5492-92ab-ede9b12ce3cf	20140131	1	900000000000207008	900000000000523009	279495008	123037004
29b8cbd4-f86f-5e95-9b5d-38588138d864	20070731	1	900000000000207008	900000000000523009	281132006	2841007
2a60a450-29ef-5923-8041-a64026328af6	20070731	1	900000000000207008	900000000000527005	272647005	310575006
2af4354d-9d47-5b79-9d7d-1f8423a3a96f	20080731	0	900000000000207008	900000000000523009	108234007	225426007
2c39ff2b-a410-5317-8225-f5979426cac3	20130131	1	900000000000207008	900000000000527005	127072000	473011001
2c3a66f1-e11c-58de-a91d-5a3423577c7e	20040731	1	900000000000207008	900000000000523009	257332002	313236002
2dfeefb2-4251-5fe8-9a73-1bbc140ab38d	20050131	1	900000000000207008	900000000000527005	38667003	119561005
2e65a344-de46-5053-9549-1f783f1f2400	20050131	1	900000000000207008	900000000000523009	14778003	414403008
2e6ef98e-e65d-5e49-9b28-aabe3f088b4e	20020731	1	900000000000207008	900000000000523009	365699002	250465006
30096be2-e864-5902-af1c-cf85d6f5c2a2	20070131	1	900000000000207008	900000000000527005	255572006	62880001
3016e2f7-170a-5649-8ba8-1be72f122ff0	20030131	1	900000000000207008	900000000000526001	310656008	30315005
305b6f59-6074-5c63-a98f-ea4b89e50928	20020731	1	900000000000207008	900000000000523009	8540005	371195002
30a22920-a5a6-5ba3-ac58-dd17cd383fd0	20070731	1	900000000000207008	900000000000523009	363749005	425689005
310e7ba2-6976-540c-9cf4-d48164b7d217	20060131	1	900000000000207008	900000000000523009	189117002	419893006
31986008-7d3a-5aac-986b-af41bf2bbb36	20030131	1	900000000000207008	900000000000523009	81699001	384726006
31b90cd4-1344-5caa-a9af-3e468d4d2ec1	20040131	1	900000000000207008	900000000000523009	218798002	218799005
33024e6b-b59c-5b97-9876-50d907a1291f	20130731	1	900000000000207008	900000000000523009	397637006	112283007
3460a87f-58ab-5bd0-8a38-bc40a66502b6	20060131	1	900000000000207008	900000000000523009	103267008	246915008
3498a1f4-d3a3-56ee-8a7d-12797899be43	20140131	1	900000000000207008	900000000000524003	128983005	416516009
34b5cc2d-3242-518b-87d6-7ac62f5083ea	20050131	1	900000000000207008	900000000000527005	258550008	127465007
356919b9-a9bd-5449-a1e9-20bd470cf0e1	20130731	1	900000000000207008	900000000000523009	118943001	609619005
358bcfbf-9985-5892-8d17-a3521b2b909b	20050731	1	900000000000207008	900000000000523009	182831000	416608005
377d5ca8-5179-522a-91cd-fd7f7703a822	20140131	1	900000000000207008	900000000000527005	367539009	410730009
381b9553-4f1e-5daf-aa9d-c077d9f337e6	20140131	1	900000000000207008	900000000000524003	93371005	416516009
387349f1-2ec7-59e5-9d2e-e39e26e3aaaa	20030131	1	900000000000207008	900000000000523009	48692003	387713003
3891fe8a-cd5b-5723-8815-96faba2be059	20060131	1	900000000000207008	900000000000523009	268531006	409073007
3950e2c6-71cd-5544-8b8b-938243321c43	20030131	1	900000000000207008	900000000000527005	228484007	365981007
39f86db3-afbf-58f7-8ae2-ab62eb743be4	20030131	1	900000000000207008	900000000000523009	82076002	392242000
3a0b5daf-9b7a-50ab-8768-7ae9f2f44bb8	20030131	1	900000000000207008	900000000000523009	21962008	118696008
3aeac00e-fdaf-5be2-9cbb-c5c8fe9b1fc3	20060131	1	900000000000207008	900000000000523009	268531006	409063005
3b58da55-09af-5557-b651-22baf847a650	20040731	1	900000000000207008	900000000000523009	109441009	410066003
3b74e7c4-b47c-5097-ab4c-d4c541ee2896	20020731	1	900000000000207008	900000000000523009	94091004	372016004
3baf0755-b03f-5faa-80a0-47b83f918427	20080731	1	900000000000207008	900000000000523009	17571003	431491007
3bc1033b-0b15-5fca-9f25-8408ac3b3d3c	20030131	1	900000000000207008	900000000000523009	271362003	88058003
3cbd2412-52a4-5f58-a431-3aa8b379e1d9	20060131	1	900000000000207008	900000000000523009	223465007	223464006
3cfc9370-78a2-5c8d-822e-0d8b8f01bc1a	20140131	1	900000000000207008	900000000000523009	302934007	410730009
3d6285bb-9d18-5d32-b0ad-cc64c1de8c29	20100731	0	900000000000207008	900000000000527005	231976001	424370005
3e2b4f01-af86-5c1e-9220-fcdaf91c3986	20070131	1	900000000000207008	900000000000527005	419258005	161891005
3e3dedc0-a5ee-5db0-8250-4becaacf138b	20030731	1	900000000000207008	900000000000527005	244399009	54944003
3e59c750-80c2-5ef9-90d3-c7567700215e	20040731	1	900000000000207008	900000000000527005	363174001	43275000
3f3c93db-ad89-54e0-93d4-9b45c413cbc8	20040131	0	900000000000207008	900000000000527005	230456007	13973009
3fa6d7e8-e700-52d3-ab1e-5f86c8d6253b	20070731	1	900000000000207008	900000000000523009	360330009	425689005
400852b9-4b2d-53c3-8b07-a318ded72e0d	20030131	1	900000000000207008	900000000000527005	233992003	9406001
4171c3f1-4193-5af9-962a-bdb921ceab86	20070731	0	900000000000207008	900000000000523009	363749005	129282004
41a94627-9110-54fb-90ce-2cbddc7ab88e	20040131	1	900000000000207008	900000000000526001	246188002	404684003
4289eee3-586b-54bc-b220-0c19a461b8e7	20050131	1	900000000000207008	900000000000523009	118225008	118222006
42ba1318-4bf5-521d-96d8-b3c7208332fc	20030731	0	900000000000207008	900000000000523009	69096003	11778002
4348b4e5-0629-53cc-beaa-821fe05c03aa	20060131	1	900000000000207008	900000000000523009	268535002	409073007
458e82fb-67de-5076-b0a5-14d058949fd2	20130131	1	900000000000207008	900000000000527005	418168000	473011001
45b81f1d-88bc-5995-a445-949984a4733b	20030131	1	900000000000207008	900000000000523009	37808005	308492005
45e929fd-a0af-523a-830c-71735fbba9f2	20100731	1	900000000000207008	900000000000523009	247423006	415531008
4796b841-c942-5280-a901-439e3448a8ed	20070131	1	900000000000207008	900000000000527005	396430005	424891007
48d85bd9-85c6-5151-980e-0de8c4870fcf	20060131	1	900000000000207008	900000000000523009	87373006	418630001
49b02d61-2b82-57cf-9149-206990d96979	20040731	0	900000000000207008	900000000000527005	284009009	103389009
49cf93d0-fab1-5341-827f-66d941ba85ab	20140131	1	900000000000207008	900000000000527005	243930007	44300000
4abc5ba9-d4db-56bc-882e-882ccc3d1ffc	20030731	1	900000000000207008	900000000000523009	75901008	398302004
4b496570-1986-5ba1-9508-821996fbe210	20020731	1	900000000000207008	900000000000523009	194345004	87118001
4bc6d640-5f7b-5088-93f5-eae611e54995	20050731	1	900000000000207008	900000000000523009	13115008	416010008
4bfc7f3d-42a8-57c5-b30e-9cb82c2b1b99	20060131	1	900000000000207008	900000000000523009	172291001	419630005
4c365208-5e41-5a56-a3ab-4cad3ead5bd5	20140131	1	900000000000207008	900000000000524003	93238009	416516009
4ccaaf5a-bd9e-5998-a0f7-58599d8a1ce9	20040731	1	900000000000207008	900000000000527005	298496005	298497001
4ccaea7e-2430-516a-b832-c2017e635ca5	20140131	1	900000000000207008	900000000000524003	127326005	416516009
4cf8d8b2-2d3f-5515-8f44-ad1ffe1fb498	20050131	1	900000000000207008	900000000000523009	125669007	231794000
4d01346b-5400-5694-ba4b-ac6bd1f7a52a	20060131	1	900000000000207008	900000000000523009	19019007	418799008
4d730273-a443-5f8f-8aa6-36df61b243e9	20080731	0	900000000000207008	900000000000526001	129446007	303430001
4dc805d9-b45f-5c1e-919d-54f6ccffb6d5	20030131	1	900000000000207008	900000000000527005	252382002	19851009
4e5ded44-9879-5b20-986e-89369a68bc93	20070731	1	900000000000207008	900000000000526001	418163009	396425006
4f7f1c0c-058d-591f-995c-4ef734f23765	20140131	1	900000000000207008	900000000000523009	280717001	421060004
4f8168e5-fe34-5d81-abef-14f2c619d081	20070131	1	900000000000207008	900000000000523009	360634007	78776006
506528f7-cf1d-5fca-93df-3295b7803f07	20060731	1	900000000000207008	900000000000527005	24039005	285854004
5110ea8c-41f3-5218-bf20-4ec8de121776	20030731	1	900000000000207008	900000000000523009	69096003	399153001
512757cf-060e-51e0-a6f8-773b47f26f3b	20040131	0	900000000000207008	900000000000523009	134328007	115227001
518e2515-6c76-55c8-a7b2-dc2be08b6d18	20030131	0	900000000000207008	900000000000527005	193462001	270478005
527cc842-ef60-59cd-af81-1a981df09ed0	20130731	1	900000000000207008	900000000000527005	194356004	186738001
52e96f76-16c6-5757-83f5-cc2ce898f2c4	20110731	1	900000000000207008	900000000000523009	260670006	410675002
53463b2b-af0b-570f-9210-d0fbba827eb2	20030131	1	900000000000207008	900000000000523009	58240005	386045008
539a30ff-cf54-5b1e-9cf9-91d128488a52	20020731	1	900000000000207008	900000000000526001	367634005	3898006
54499c34-7415-56dc-8096-0d8775d70508	20140131	1	900000000000207008	900000000000524003	415296001	416516009
550db8d0-5100-5f5b-90df-a04081ac7a09	20030731	1	900000000000207008	900000000000527005	72094000	192759008
56d38f79-64c6-52dd-b8e5-5a5c7e2423a6	20040731	1	900000000000207008	900000000000523009	69197005	409063005
57fc362f-c154-5b47-8aa4-43961a23f667	20080131	1	900000000000207008	900000000000523009	6099009	366323009
580b38bc-5e00-53b3-acd7-d444db8061d7	20130731	1	900000000000207008	900000000000523009	418925002	419076005
58833056-260b-574b-bbad-61ef7230012c	20020731	1	900000000000207008	900000000000523009	87716009	371398005
59029400-56fc-542f-8464-9266d96cedef	20020731	1	900000000000207008	900000000000527005	255287002	56246009
59f43214-0623-5b50-b4b3-fdac87e34443	20140131	1	900000000000207008	900000000000527005	279572002	40689003
5a0814cf-b06d-5cb5-8e50-1c5b668b8dcc	20050131	1	900000000000207008	900000000000523009	73338000	414946003
5c3f4bf6-98fb-554e-8206-2493d929c181	20100731	1	900000000000207008	900000000000523009	199605001	276507005
5cb1eb2d-1233-56cd-8834-5de4512d4813	20040731	1	900000000000207008	900000000000523009	188823000	92385005
5f0ac7d0-8398-560e-a7c4-8218cf7ae685	20060131	1	900000000000207008	900000000000523009	32055008	419442005
60067a63-1bf7-5ce0-bfbf-cd07d1a3a754	20100731	1	900000000000207008	900000000000527005	424370005	424416009
601c045b-d472-5c1d-b9be-9a87c43278d3	20140604	1	900000000000207008	900000000000527005	106088004	300893006
605440da-0589-5500-ad95-ac2987c0db6c	20040731	1	900000000000207008	900000000000526001	4748007	410607006
61b58ade-5eb6-51d0-a29a-a6a648204604	20050731	0	900000000000207008	900000000000526001	4908009	127452003
61cfda51-55d8-5037-9abe-05ff5d7377ec	20140131	1	900000000000207008	900000000000524003	92889005	416516009
62c92138-7286-5eff-a7fb-4225c7d92331	20030731	1	900000000000207008	900000000000523009	61136001	399982001
62d25251-f8bd-5b24-8d79-01a7daee2335	20100731	1	900000000000207008	900000000000523009	271571006	82058009
632ae39c-7aba-56ae-8d4f-0c3e2b830a75	20090731	1	900000000000207008	900000000000527005	362235009	303518005
63481518-badc-53b5-835a-8b4837be534a	20050731	1	900000000000207008	900000000000523009	30701005	417373000
64aa1c20-6739-5948-8634-76c036e6c145	20040731	1	900000000000207008	900000000000523009	302793009	123038009
64e40e38-a6d5-547b-a790-b72a673bb134	20060131	1	900000000000207008	900000000000523009	278416001	409073007
65439e66-f087-5faa-8a76-936ba098d9a4	20040731	1	900000000000207008	900000000000527005	92187005	188963000
6576bd68-9cf7-50a5-b595-8b8ff92e2372	20070131	1	900000000000207008	900000000000523009	110658006	389079005
657a5d72-8cfe-5e07-bac8-ea4121efe53e	20060131	1	900000000000207008	900000000000527005	223416002	967006
66060006-0f74-5f08-be24-88d2d86b4dfb	20040731	1	900000000000207008	900000000000527005	27664004	233370007
66b7f730-3ad0-59e5-a79c-5b2d33a89d62	20020731	1	900000000000207008	900000000000523009	93780007	371983001
67409754-3c6d-5b11-a17b-617e733be320	20050731	0	900000000000207008	900000000000526001	13115008	408675006
67517201-5010-547f-baa7-185b540602ac	20070731	1	900000000000207008	900000000000527005	54667003	421245007
67849cb2-f74d-5b1c-b849-58337dbdec76	20030131	1	900000000000207008	900000000000523009	48692003	128927009
67975d54-9cf4-56a9-abc5-606b6a57efe7	20070131	1	900000000000207008	900000000000523009	360618009	28448002
679a7820-587f-5fbf-bf75-e58b5a732a5a	20050131	1	900000000000207008	900000000000523009	14778003	414402003
67b8d0d9-f64f-5341-831e-fe907f35344b	20060131	1	900000000000207008	900000000000527005	165369002	33468001
67c2531f-2614-5169-b617-36585f54fbf3	20040731	1	900000000000207008	900000000000523009	68231009	409779000
6abc4224-f0a1-5269-84af-559b512c03c0	20020731	1	900000000000207008	900000000000523009	86522006	11628009
6af4cec9-c496-5eeb-aee6-16bf9ebb5056	20050131	1	900000000000207008	900000000000523009	8957000	53741008
6c34fc6e-5bdf-57c7-a413-ece2e3598356	20040131	1	900000000000207008	900000000000523009	69947005	405950009
6d1b0487-ee64-5bc4-ac2d-c040eb086c8d	20140131	1	900000000000207008	900000000000524003	59008008	416516009
6d37f1e9-c04d-5d14-9b59-723aed2ebcbf	20140131	0	900000000000207008	900000000000527005	367539009	302934007
6d7370b1-ad86-5564-a98f-b6fec3260065	20040731	1	900000000000207008	900000000000523009	68231009	409780002
6e4a93d3-f112-5c50-a7b9-3208afb65ed0	20050731	1	900000000000207008	900000000000523009	127452003	417662000
6e5840a8-941a-5cbc-9097-613407384dc0	20030131	1	900000000000207008	900000000000523009	21962008	386765006
6e612982-9f78-5c30-8f8f-fc17f88b09a4	20050131	1	900000000000207008	900000000000523009	128122002	415073005
6e722511-88b9-5e25-a2cc-a9c796753955	20050131	1	900000000000207008	900000000000523009	18233005	415582006
6f2cf0dd-c2f0-5f91-a11b-9f8597347da1	20070731	1	900000000000207008	900000000000523009	360655009	45242005
709d8335-5e38-54c5-a12b-ca2063466cde	20030131	1	900000000000207008	900000000000523009	69096003	271789005
70aa06ce-6f5f-5e59-8c9c-6e8e337e9318	20060731	1	900000000000207008	900000000000527005	225201001	386340006
70f79b4e-695d-5ab9-a744-f55b7dc3f9e8	20140131	1	900000000000207008	900000000000524003	92899000	416516009
711bb449-f3f8-5d03-b0c3-a1cb95cf5f34	20050131	1	900000000000207008	900000000000523009	113715002	115161005
71354f5c-19b6-503a-a8fb-8c489e02a709	20030731	1	900000000000207008	900000000000527005	253033002	115223002
716496b1-a1cf-5d56-80f6-8d76a9acd2c1	20100131	0	900000000000207008	900000000000523009	127452003	4908009
7172f250-6ce1-51a0-9d50-73a46434b848	20080731	1	900000000000207008	900000000000523009	108234007	432102000
725e49af-66dd-54e3-9509-fe5a794ffcb0	20030131	1	900000000000207008	900000000000523009	106080006	386617003
72759157-e7ea-5dc1-aa4e-69d372ea42f7	20140131	1	900000000000207008	900000000000524003	91876001	416516009
72a3b15b-d5e8-5aa1-8982-f3bd5945c95e	20030731	1	900000000000207008	900000000000523009	8352002	396351009
72db789f-6c73-5d0b-b364-fa717b7606fe	20140604	1	900000000000207008	900000000000527005	73262007	253859003
72efa5ac-65af-56ab-a84e-c933f3df50ba	20040731	1	900000000000207008	900000000000523009	128427003	80891009
74076bc8-99c6-5069-af3a-108420ea8960	20090731	1	900000000000207008	900000000000523009	402577002	238575004
744137fd-6949-543f-9edd-848f1ae30456	20080731	1	900000000000207008	900000000000527005	396412003	412375000
747d7198-4eaa-5d7b-8be0-475464faf933	20080731	1	900000000000207008	900000000000523009	35461009	431938005
74838589-7d63-54ad-99e7-3e7e1bcc582c	20060731	1	900000000000207008	900000000000526001	257728006	91722005
7581d149-33c6-5a31-87a7-afa8815a5f6d	20020731	1	900000000000207008	900000000000527005	367503003	234947003
76440b1c-2ec1-51b4-8299-ac3c10881859	20040731	1	900000000000207008	900000000000523009	362962008	408766003
766852b6-9633-5536-91c3-92794d0ece46	20040731	1	900000000000207008	900000000000523009	103389009	410675002
766aeec4-3da4-5816-b360-f55a2ac1b269	20070731	1	900000000000207008	900000000000523009	360330009	424900004
795ce63f-5806-56b8-b368-055245e96cea	20090731	1	900000000000207008	900000000000523009	261008006	105455006
79c42505-f8ee-5ea2-86e0-c856db9d7061	20030131	1	900000000000207008	900000000000526001	261390003	257867005
79ca8ebd-d3a0-5311-be92-9fb8f5d643b4	20100131	1	900000000000207008	900000000000523009	297129003	57177007
79d7e6f5-a286-56a6-8bfa-76b909173ba0	20140131	1	900000000000207008	900000000000527005	356139006	297173004
7a195e85-6cae-5753-b4b9-f49fa05e35e7	20020731	1	900000000000207008	900000000000527005	301182002	106063007
7b4c82c8-13d3-5594-a38f-dc597d945377	20030731	1	900000000000207008	900000000000523009	3739008	397428000
7c56092e-9bd0-5593-9ff3-3e2a0ca9fd3b	20030131	1	900000000000207008	900000000000526001	129336009	257867005
7d832a3d-5d2e-5b10-bb52-5a7b12ac9395	20070731	1	900000000000207008	900000000000523009	129282004	424900004
7dedb134-a5d2-5cb2-856e-d2c8eaa57198	20070131	1	900000000000207008	900000000000523009	360635008	10992007
7e218574-d675-5b3d-bfc6-11ca7e73a838	20050131	1	900000000000207008	900000000000523009	41507004	7058009
7e8ec512-8a28-5f63-bbf8-0a7b992ec2a8	20040731	0	900000000000207008	900000000000526001	73154007	4748007
7eae56a7-3444-5a80-be51-f70052e7e812	20030731	1	900000000000207008	900000000000523009	109265005	400096001
7f71d8e4-bb22-5fa9-933e-b9de9061000d	20040731	1	900000000000207008	900000000000527005	298395008	298396009
8147a590-2a98-5c42-be99-7d75b6031f3b	20030131	1	900000000000207008	900000000000523009	41840003	165232002
820bf51f-5a15-5892-a15e-5e7281bf112e	20040731	1	900000000000207008	900000000000523009	271360006	119376003
824551a2-8b59-5306-a04b-5c45a86e4d31	20100731	1	900000000000207008	900000000000527005	95649006	308634000
82babe7d-021d-5d9a-877f-4fe201e182eb	20030131	1	900000000000207008	900000000000527005	188831005	92076000
82e7a986-5817-5c47-b0e8-627c71208218	20030131	1	900000000000207008	900000000000526001	129432007	302199004
83439a43-fe27-5660-a7e5-b9249e76e771	20060131	1	900000000000207008	900000000000523009	87373006	419670003
863e78e8-fcaa-57cc-887e-0ee13c4263fd	20110731	1	900000000000207008	900000000000523009	241018006	225358003
864c2b0e-b049-50bd-9078-307d04d7abdd	20110731	0	900000000000207008	900000000000527005	253549006	30288003
8708df43-9105-59f3-8380-32470d5e2402	20040731	1	900000000000207008	900000000000523009	69197005	409064004
87524817-796d-5dee-9656-440ffbd4be44	20090131	1	900000000000207008	900000000000523009	419952004	441459009
87decca6-f321-5512-9d26-e330c55c880d	20040131	1	900000000000207008	900000000000527005	72810009	360499006
87e9a474-ec30-5a1c-971a-9116dcadf8bc	20020731	1	900000000000207008	900000000000523009	74175007	371023001
88cece0a-22a0-5e0e-b39a-4dfffda14391	20030131	1	900000000000207008	900000000000523009	4327008	384759009
8ad6007b-650b-5a71-a3c2-4ae0c26bd659	20080731	0	900000000000207008	900000000000523009	333536009	428214002
8b559c99-9564-5478-8369-21d9b3259b8f	20130731	1	900000000000207008	900000000000523009	416972005	609626005
8b9add0a-ba93-58d9-8aca-a624f4686a4b	20040731	1	900000000000207008	900000000000523009	68231009	409778008
8ba062a8-2529-57b2-a991-100fa8a8b2f9	20070131	1	900000000000207008	900000000000523009	360713005	68705008
8d3f66c7-ca60-55a2-8304-cd5e373d59da	20070131	1	900000000000207008	900000000000523009	182333009	362732006
8d8c0542-84c3-5ef0-9999-467f2c8f7565	20040131	1	900000000000207008	900000000000527005	280370005	8935007
8dfc6e10-46ce-5031-9620-33d32936ef75	20060731	0	900000000000207008	900000000000523009	282092005	419076005
8e4b8df8-7ff8-5487-9ba5-67d97e72395e	20050131	1	900000000000207008	900000000000523009	128122002	414025005
8f0b4f2d-6ff6-5082-b8b4-9009871a543c	20030731	1	900000000000207008	900000000000523009	11778002	399153001
8f3b955c-e900-59c7-b030-3a7f5b7a30c2	20070131	1	900000000000207008	900000000000523009	360630003	38745009
8fc5a2ad-d62c-5ccd-bc38-c2d7edec7069	20070731	1	900000000000207008	900000000000523009	360641001	17232002
8fcb5d26-a475-5a99-b7e4-a02be8c22049	20060131	1	900000000000207008	900000000000523009	282092005	418634005
903093fd-e033-5a4b-a4a7-e632c1eca0f0	20030731	1	900000000000207008	900000000000523009	37099008	400157005
904a1d72-93d6-5401-84ff-1e6adc2dc707	20050131	1	900000000000207008	900000000000523009	67705005	414292006
90611351-5d91-5f09-b162-304ebef876b7	20140131	1	900000000000207008	900000000000524003	41409004	416516009
908509f4-c786-5e5c-97a5-443f3cacf65b	20030731	1	900000000000207008	900000000000523009	8316001	398993007
90ff5196-d658-51d7-91cd-694bbe5cc39b	20140131	1	900000000000207008	900000000000524003	371630006	416516009
913595ed-3d1d-5ca2-9f23-a3a334a9907d	20130731	0	900000000000207008	900000000000523009	282092005	418925002
918bfaca-d6b3-5594-8bfc-252cf6a14e91	20140604	1	900000000000207008	900000000000523009	112635002	21390004
91fbf63c-fccd-5568-9caf-e55adfedd141	20050131	1	900000000000207008	900000000000527005	236537009	19765000
930ae239-415d-5704-97a9-4a2ee50477f8	20060731	1	900000000000207008	900000000000527005	373743007	41503000
93a83fb8-bc7c-5d13-b596-cfaa5d7b5ae4	20070731	1	900000000000207008	900000000000527005	373689005	373453009
9420d0d2-1f74-5d37-8bff-80ee4d8aa76f	20130131	1	900000000000207008	900000000000527005	398175007	397803000
95eb7545-ab6f-56ce-a9b1-e6a0770810dc	20130731	1	900000000000207008	900000000000527005	262515005	609411003
9682bf61-7a2b-51d6-bc2d-aba007b29c1e	20060131	1	900000000000207008	900000000000527005	67107006	223464006
968ccda3-b4e6-5260-8ba9-2a2e8362413e	20030731	1	900000000000207008	900000000000523009	70281000	396339007
96a90630-d4bc-5b4b-814d-a2e7947fbf74	20080731	1	900000000000207008	900000000000523009	225426007	18629005
982667e8-e889-5d0e-a9d2-e24e0db634e2	20120731	0	900000000000207008	900000000000527005	223414004	11816003
98b5c12d-7403-533b-9e7b-229a19dc17d8	20020731	1	900000000000207008	900000000000523009	94070007	363438000
9a394002-870f-5f08-af53-d52bdf4fdd27	20140131	1	900000000000207008	900000000000524003	93306001	416516009
9afb19f0-d94f-5d74-8f14-6a9e4830a7e5	20130731	1	900000000000207008	900000000000523009	416972005	609625009
9d804517-6349-538b-9c75-a75c38cce1de	20040731	1	900000000000207008	900000000000527005	396712002	41446000
9de2d646-c07c-5440-ad55-eabeec3bfb7a	20080731	0	900000000000207008	900000000000527005	129406001	410820007
9ded7baa-371e-5791-8ecf-37c0966f7488	20140131	1	900000000000207008	900000000000523009	277849002	81037000
9e027d02-7fbe-5cec-adc2-2761dde1c9e1	20090131	0	900000000000207008	900000000000523009	189117002	419952004
9e32632e-fca4-5bb7-92ae-941f30c789f7	20040731	1	900000000000207008	900000000000523009	128427003	409708007
9eaab30a-67d7-5793-ae1d-6ce676858c51	20060131	1	900000000000207008	900000000000527005	183054002	11816003
9f783a9b-d4e5-5e08-938f-7317bebc6e2a	20030131	1	900000000000207008	900000000000523009	126730001	387840005
9ff84f9e-7171-5157-9d2c-4a6bf1073fe2	20060131	1	900000000000207008	900000000000523009	278416001	119270007
a00508b3-1f4d-5121-bc71-be46db816119	20040131	1	900000000000207008	900000000000526001	11802008	118672003
a07a271e-7484-5209-8eb5-57ba06d08c2d	20060131	1	900000000000207008	900000000000523009	399347008	419620001
a0e0fa79-5a00-5fd6-85ac-e061e78ca651	20030131	1	900000000000207008	900000000000527005	360164000	360166003
a2004ac0-b99c-515e-a7ed-66e62460e6f6	20030731	1	900000000000207008	900000000000523009	29198004	397956004
a230ec9d-1fae-5528-b668-47da94eaad74	20040731	1	900000000000207008	900000000000527005	360155005	129265001
a2649509-07c7-5cc9-bdb2-ee5bda9ec7cb	20030731	0	900000000000207008	900000000000527005	283400008	210339009
a2ef1f37-0a43-5b22-88ae-0beea55085f9	20030731	1	900000000000207008	900000000000523009	16343004	400190005
a35a13e1-ef04-56ab-b66f-1797caeb0a38	20030731	0	900000000000207008	900000000000527005	283398009	38354005
a3687f88-9939-517f-8427-8003571e7b74	20140131	1	900000000000207008	900000000000523009	41229001	206376005
a37623d3-8d05-5adb-8511-b5ac1c70d763	20030131	1	900000000000207008	900000000000523009	126730001	387842002
a3f8e5a5-218d-52fc-ac6e-b2c2152b1673	20030131	1	900000000000207008	900000000000523009	127015005	387927001
a4292207-6e96-5127-bd45-5ad072a94dc2	20040731	1	900000000000207008	900000000000527005	119260005	244476009
a505996f-7799-56f9-9621-2ed58e6a3749	20070131	1	900000000000207008	900000000000526001	53737009	424124008
a55c3e2d-2c5c-5b4e-9daa-d4c28c8e7cc8	20030731	1	900000000000207008	900000000000523009	126995000	371486001
a75b5b47-51e3-5025-93cc-a001dcd1065a	20050131	1	900000000000207008	900000000000523009	46197000	246464006
a7603f4b-cbc5-5619-84ba-2a80063ed3c5	20140131	1	900000000000207008	900000000000524003	102302009	416516009
a7796cd4-3c88-5cc9-8812-4662e684edad	20100131	1	900000000000207008	900000000000523009	281574006	160427003
a820e07b-d54a-5c84-92c6-a6229dbc9166	20030731	1	900000000000207008	900000000000523009	12094002	398248006
a9651da9-53e0-5c4d-b54e-078f97c819d5	20030131	1	900000000000207008	900000000000523009	271362003	108241001
aa2e8ea8-3924-5e93-a181-20cf17a3390e	20070731	1	900000000000207008	900000000000523009	360524005	7832008
aa3f1f6d-951f-55eb-a51d-fbbc74b79517	20050131	1	900000000000207008	900000000000527005	287361009	59649007
aa77ffba-b6de-5eee-9179-f1f2bfbb93b9	20100131	1	900000000000207008	900000000000523009	43749003	272141005
ab3ac4e8-02f9-5234-b2ca-33ea46dd9b66	20090731	1	900000000000207008	900000000000523009	266207008	442021009
ab3e4076-3080-525e-916a-a4ae4948040d	20040731	1	900000000000207008	900000000000526001	73154007	410607006
ab966a58-52d5-55a5-93c2-932f1952f48a	20110731	1	900000000000207008	900000000000523009	263513008	410675002
ad9dc228-ab71-5a1a-8da2-2dfc1aea32d3	20140131	1	900000000000207008	900000000000523009	279495008	91723000
adbc65b1-a0ca-5316-b82f-2b3a9a463d4d	20050731	1	900000000000207008	900000000000523009	408675006	416010008
ae29e6cc-2065-52c0-abb5-02ac0bb01a74	20040731	1	900000000000207008	900000000000523009	39863007	313236002
af523b71-be72-5594-8ed1-2a4d4c475359	20020731	1	900000000000207008	900000000000523009	93791000	363461003
af9b4346-e2cf-521f-a0f0-8b17c6eba77c	20050731	1	900000000000207008	900000000000523009	118225008	250171008
b18515dc-1774-5eee-96bb-c452e70abd4a	20080731	1	900000000000207008	900000000000523009	35461009	122489005
b1fc3c57-81fe-560a-9829-5f76863d055e	20080131	1	900000000000207008	900000000000523009	79450003	428638009
b21684ef-4ee4-5bbc-ac87-0472ff99cc62	20030731	1	900000000000207008	900000000000523009	37099008	400061001
b2d8b340-6628-5e7b-a8d5-5ce383bf1f1f	20110131	1	900000000000207008	900000000000527005	76910007	197679002
b32055c2-3f93-50ac-8e6a-0b41101c6536	20020731	1	900000000000207008	900000000000526001	367640003	108369006
b35368cc-6352-59fb-a79d-c8f1988c6407	20090131	1	900000000000207008	900000000000527005	68002001	85050009
b42da26a-0e3e-55cb-aac0-75ed73eb9ba3	20030731	1	900000000000207008	900000000000523009	83486002	396234004
b436efd9-ed77-5a75-adef-d7091a8491fb	20140131	1	900000000000207008	900000000000524003	92835008	416516009
b49c190a-89ac-5a2d-ad4e-33f09c026d61	20020731	0	900000000000207008	900000000000527005	122456005	38586004
b4b55a34-5d1e-5734-9ac6-21b9b73a6340	20050131	1	900000000000207008	900000000000527005	272388002	272394005
b686a223-0453-58dc-80e5-3305b5a8f958	20020731	1	900000000000207008	900000000000526001	367636007	3898006
b68c430e-ef07-5b76-b1ee-6048f9e68c83	20020731	1	900000000000207008	900000000000526001	2533004	373873005
b6933e72-5517-5f0f-9a48-464339d71619	20140131	1	900000000000207008	900000000000524003	13389002	416516009
b6d6f6c2-5122-5734-ad0c-e2b62d8dc283	20060131	1	900000000000207008	900000000000523009	103267008	371405004
b821c863-ea87-5b4d-bc02-6c143755c399	20050731	1	900000000000207008	900000000000523009	74069000	416098002
b827b403-00d2-5a50-afaa-42443010c6d1	20050731	1	900000000000207008	900000000000523009	7580003	416286003
b8f2dd90-8d0d-5516-b2c0-bdb3eb5aaa18	20140131	1	900000000000207008	900000000000524003	93618004	416516009
b9145757-9aa6-5991-90d4-f68daa01c632	20030731	1	900000000000207008	900000000000523009	8352002	4541003
ba18d008-f482-5f8d-bc1f-7f3f4551b7db	20050731	1	900000000000207008	900000000000523009	182831000	367336001
baf4d035-dfdf-5972-be53-54930875627a	20070731	1	900000000000207008	900000000000523009	363749005	424900004
bc156e87-3b59-55b9-97e2-948a29d90d22	20030731	1	900000000000207008	900000000000523009	61136001	400159008
bc43a714-8196-57f3-bb79-e4f97b667173	20050131	1	900000000000207008	900000000000523009	74301006	414781009
bc7fcdcb-c6e8-534c-be32-090bc7c2dd6b	20020731	1	900000000000207008	900000000000523009	55388007	372939007
bce78d85-54e3-5bfe-b916-72f70b32419f	20020731	1	900000000000207008	900000000000523009	79517001	371405004
bcf7969b-ce71-5966-8506-c3fa5b4fe56e	20060131	1	900000000000207008	900000000000523009	243073001	409063005
bd3ab4ac-ae45-51be-ae5f-391f162858a9	20030131	1	900000000000207008	900000000000523009	12900003	60750009
bd592244-ffb2-5ee5-b116-4734731d1558	20040731	1	900000000000207008	900000000000527005	385539003	386053000
bdf84f1a-f701-5910-8902-204373ca1ae5	20030131	1	900000000000207008	900000000000527005	41859001	204821009
be397487-1395-57f5-8425-d9a3226d4003	20140604	1	900000000000207008	900000000000527005	95476003	236615008
be456402-e7de-54fa-847e-0db885c9aef9	20140131	1	900000000000207008	900000000000524003	116011005	416516009
be6d9599-0278-576b-9241-0f29649afa72	20070131	1	900000000000207008	900000000000526001	28320003	419241000
be9429dc-52ef-52f7-a34e-977c91c8ff72	20140131	1	900000000000207008	900000000000524003	92493009	416516009
be9b1cc3-e86b-5c5f-8fb9-915d08aae1ba	20070731	1	900000000000207008	900000000000523009	360534001	85234005
bf1fb99e-2316-5830-ae64-f14bf32e76e3	20030731	1	900000000000207008	900000000000527005	116122007	226318009
bf914472-8e9a-5fd0-810c-2ebe34382580	20140131	1	900000000000207008	900000000000524003	91875002	416516009
bff45aaf-c993-5215-8fbf-cdbb99e60656	20090131	0	900000000000207008	900000000000523009	70281000	118927008
c090f612-e575-5d55-9dce-22deb8ad9a3a	20080131	1	900000000000207008	900000000000527005	367355001	50927007
c17efba2-89bb-5a0a-99be-fdef6f8c635a	20140131	1	900000000000207008	900000000000524003	93314007	416516009
c1c404d0-15b0-572c-a834-778000098c6e	20070131	1	900000000000207008	900000000000523009	34797008	91470000
c1eb6924-1840-5498-81e8-f2256cc47cdd	20060131	1	900000000000207008	900000000000523009	61626005	419620001
c369218b-0630-5ec3-8935-2105d32e9fc6	20040131	1	900000000000207008	900000000000526001	243575004	314797000
c36ad1dd-9a10-51bc-a254-719766898974	20040131	1	900000000000207008	900000000000526001	106549007	407431002
c482a29b-36ad-5424-9975-ea4907a4e3bc	20100131	1	900000000000207008	900000000000523009	4908009	243796009
c51dd0cc-a11a-5834-813d-90e7e7cb2eaa	20110731	1	900000000000207008	900000000000523009	301865001	448186009
c53e0ade-0ac7-5d68-8266-fdee989eadf5	20070131	1	900000000000207008	900000000000523009	360617004	54110006
c85d199f-51c8-5324-b1de-3f511bddf48f	20120131	1	900000000000207008	900000000000523009	91984001	449699003
c864a022-ee19-5082-b780-94ed5272242a	20030131	0	900000000000207008	900000000000523009	367327000	255363002
c8a5b475-1093-501c-823d-f7ef5f0bb013	20130731	1	900000000000207008	900000000000523009	119415007	609624008
cab2867a-53a8-5f23-9007-9e53e9125ab6	20060131	0	900000000000207008	900000000000523009	61626005	399347008
cc33afd7-27d4-5380-837e-c815f496d669	20030131	1	900000000000207008	900000000000523009	106080006	386618008
cef80176-5a88-5d28-8c28-11ec2f85d917	20040731	1	900000000000207008	900000000000527005	181440006	413344004
cf39de4d-bbb9-59c3-b049-82a6c31ce87a	20080731	0	900000000000207008	900000000000523009	398901001	428126001
cf6b35ea-8f3d-5de5-b764-4b39df6f5874	20140131	1	900000000000207008	900000000000524003	129105005	416516009
cff954ba-8db1-5e2d-97c9-ba8476212931	20070731	1	900000000000207008	900000000000523009	360640000	60176003
d070e5ab-206f-50db-b83c-62f138129995	20100131	1	900000000000207008	900000000000523009	313195009	443938003
d18d0f35-ba0e-5ef5-b9b1-2604f744a137	20020731	1	900000000000207008	900000000000523009	86522006	372073000
d1e207e4-781a-5f72-86fc-8474ea4f043e	20130731	1	900000000000207008	900000000000523009	123397009	609411003
d218070f-2cc7-5f9e-8013-65e0b2a13f01	20040731	1	900000000000207008	900000000000527005	293106005	219085007
d23c9c7c-8207-5608-893f-5ce884780cfd	20050731	1	900000000000207008	900000000000527005	413644005	43492007
d3f2608d-9496-5dac-843d-7302c6b2c663	20090131	1	900000000000207008	900000000000527005	55797009	299701004
d43dea68-03ef-5cb7-9bc1-06792480e169	20040731	1	900000000000207008	900000000000523009	118628001	409073007
d4dfbb5a-4bea-50aa-96ef-74e9a7a494f4	20130731	0	900000000000207008	900000000000527005	262515005	123397009
d5405464-ac06-50f9-91e0-dbcbceca955f	20050731	1	900000000000207008	900000000000523009	183925005	416237000
d5c303f0-4e90-594a-afae-fb8e126e2c38	20120131	1	900000000000207008	900000000000523009	91984001	92459005
d6898f03-2add-5ecc-8579-933d184d185d	20040731	1	900000000000207008	900000000000527005	244773000	304919002
d6f0539f-390b-5b26-a9b3-a490d4295a73	20050731	1	900000000000207008	900000000000523009	7580003	417338002
d7fd4dfb-5f74-5cd2-bf0d-ac0543d8718f	20110731	1	900000000000207008	900000000000523009	241018006	442460002
d848d59c-5025-514f-8bf6-e8dffb375c17	20030731	1	900000000000207008	900000000000523009	126995000	371481006
d8684bba-20b0-5f11-ab6d-05f18a22c003	20140131	1	900000000000207008	900000000000524003	95288003	416516009
d92be2d8-6d35-5315-83b4-92460524ccb3	20080731	1	900000000000207008	900000000000527005	277160009	41329004
d97cc0e3-ce11-5727-a251-aa2421af19f5	20030131	1	900000000000207008	900000000000523009	127015005	387922007
da5b1b24-2119-5e6e-a061-2142aa9983e0	20020731	0	900000000000207008	900000000000527005	4908009	127452003
daef6c43-86e4-5f03-be1c-9ac8dcf213b4	20120731	1	900000000000207008	900000000000527005	223414004	84635008
db2d08cb-040b-532b-847a-f6ac1447e795	20050131	1	900000000000207008	900000000000527005	372090006	7058009
db8fe96d-cd22-52b9-9f04-c37e14406f69	20040131	1	900000000000207008	900000000000527005	302595000	43492007
dbc470bb-2600-5c73-a182-d4f537a26c36	20020731	1	900000000000207008	900000000000523009	38807002	363346000
de46e97b-f631-5d56-95ea-00f2982716ad	20030131	1	900000000000207008	900000000000523009	81699001	384728007
deb9507b-82ee-5856-a845-7779dac1f2ac	20140131	1	900000000000207008	900000000000524003	93563005	416516009
dee3f4ec-a4d4-5518-9890-90a8a70072f3	20020731	1	900000000000207008	900000000000523009	93774004	372018003
dfb6a822-9cbc-50bd-9222-e2ca3383c390	20080731	1	900000000000207008	900000000000527005	333536009	428214002
e063fb84-46ce-5e27-927c-a841b838b1ef	20080131	1	900000000000207008	900000000000523009	79450003	427796004
e0a60bba-ffb6-540b-b79c-edb8afcba2d7	20070731	1	900000000000207008	900000000000523009	360624003	86117002
e16f2d35-9115-530e-9831-773e7c2d2c6e	20100131	1	900000000000207008	900000000000523009	162571008	444433005
e26bea60-f3ed-5332-99c9-b55327b1cad2	20030131	1	900000000000207008	900000000000523009	74276003	385627004
e27a7e55-c5aa-517a-a0a2-156ff8df2419	20030131	1	900000000000207008	900000000000523009	360235001	308492005
e335bbb0-9f83-5be9-a382-5a076e5ab69d	20040731	1	900000000000207008	900000000000527005	187402002	189176002
e3a00033-542b-5d41-a839-ac75f455449f	20020731	1	900000000000207008	900000000000523009	108272002	363679005
e442703b-5829-5bd9-868f-194bf1d3d975	20050731	1	900000000000207008	900000000000523009	183925005	394908001
e49c2819-4ac6-5a40-a074-bc6ddbb873ef	20020731	1	900000000000207008	900000000000523009	93780007	371982006
e4e4bd25-59c9-5bbb-9c00-d716c9f679c8	20070731	1	900000000000207008	900000000000523009	360536004	59011009
e55095fe-16b8-5fbe-abbf-f1f55f9fa7dc	20140604	1	900000000000207008	900000000000523009	373338002	703841004
e6994526-53d7-5458-93b8-6be2602d1165	20060731	1	900000000000207008	900000000000527005	1164009	106019003
e6a9e13c-d622-5dbc-8ca4-79693a5b1d0a	20030731	1	900000000000207008	900000000000523009	103677003	396224008
e737efa0-3b1c-5eb4-9e22-71a11cc4d86f	20030731	1	900000000000207008	900000000000523009	44297005	396232000
e80255a6-010e-525b-97b1-d7570aee6599	20130731	1	900000000000207008	900000000000523009	106190000	609328004
e85fca2b-2891-5129-8e02-177f972bfabf	20100131	1	900000000000207008	900000000000523009	297248005	57177007
e863b379-d47e-562d-8cb3-761dbfac7fd0	20050131	1	900000000000207008	900000000000523009	118225008	413350009
e9f51bf7-e327-518e-aa9c-52b5e2158c06	20040731	1	900000000000207008	900000000000523009	30004009	246483004
ebc2e4bd-1327-53e7-be2a-d95b00a942a0	20070131	1	900000000000207008	900000000000526001	260908002	263502005
ec38cf8f-418d-5323-a4c9-05198b5a6fc8	20060131	1	900000000000207008	900000000000523009	268535002	119270007
ec527f56-8bbc-5117-a53a-fbfc4d2a7bf9	20040731	1	900000000000207008	900000000000527005	406120008	116316008
ecca6381-d3fc-539f-a15f-1260930ddeb6	20140604	1	900000000000207008	900000000000527005	449691000	70902004
ecded26e-0ef9-5d32-8ff3-1f6bc218ac6b	20040731	1	900000000000207008	900000000000523009	362962008	408767007
ed7cf339-3276-5cf6-a2ab-8a430ab89707	20040731	0	900000000000207008	900000000000527005	3424008	6285003
ed867f01-39e7-56b1-a76e-e1720050755a	20050731	1	900000000000207008	900000000000523009	297129003	416471007
ed97a711-a021-538c-bba2-03addc9bc332	20020731	1	900000000000207008	900000000000526001	367639000	14799000
ee11cf97-4f53-502e-9bfd-238ceaa2bd69	20040731	1	900000000000207008	900000000000523009	188823000	92080005
ee8bc5a1-9e26-51b9-bdba-6f80743cbec0	20070731	1	900000000000207008	900000000000523009	129282004	425689005
eff8dc61-aef0-5a2a-91e4-0be08d4a2d54	20070131	1	900000000000207008	900000000000523009	279253001	128330006
f0c067b5-930c-58c0-b478-02c6774c60dc	20140131	1	900000000000207008	900000000000524003	93628008	416516009
f12a49c4-b68f-5b88-ac79-21750dfd879b	20070731	1	900000000000207008	900000000000523009	360639002	70382005
f20f9aee-ce36-56d0-aa8a-ffab32188392	20040731	1	900000000000207008	900000000000523009	103389009	284009009
f269ff89-cac0-5805-84bc-c9b691ab5aa6	20030731	1	900000000000207008	900000000000523009	29198004	398010007
f2955887-7107-586c-99c8-e599cb78c39b	20080131	1	900000000000207008	900000000000526001	260669005	424876005
f2f84e2c-5bca-5eba-af0f-797863d3f234	20080131	1	900000000000207008	900000000000523009	6099009	57036006
f4997d76-d3b5-544f-818f-1ded394140f9	20050131	1	900000000000207008	900000000000527005	360327002	313029009
f4af8608-7e1f-5805-983f-759e63d82d02	20040131	0	900000000000207008	900000000000523009	134328007	253045006
f58b8fa3-2735-50eb-9ac7-dee43ab39518	20050131	1	900000000000207008	900000000000527005	78658006	195180004
f73a1fe6-e1d5-548a-921e-dbccd6d84e41	20070131	1	900000000000207008	900000000000527005	87640006	226789007
f7851c44-5d56-5baa-9130-b5f05b0c0511	20020731	1	900000000000207008	900000000000523009	94091004	363492001
f7c913a0-2f77-56ee-8471-ae88427a1bf9	20040131	1	900000000000207008	900000000000527005	50050003	312061002
f8b440b4-711e-5cd9-b957-1cfd7020fd3c	20040731	1	900000000000207008	900000000000526001	311980000	410942007
f8e10e2e-c43e-5e94-8cf9-869ae7ea488d	20050131	1	900000000000207008	900000000000523009	52332009	414285001
f99f2c45-a270-537c-8319-bc75134aa4b4	20030731	1	900000000000207008	900000000000523009	48927000	231466009
faeff9b8-d95c-52b1-ad53-a6f6aca1ec33	20070131	1	900000000000207008	900000000000523009	314389005	45684006
fbd8235d-ebec-57b5-b61c-7a72db2f8950	20100131	1	900000000000207008	900000000000523009	363697002	386053000
fc1a94cc-1aa2-5132-9e2b-ab774d341ee9	20030731	1	900000000000207008	900000000000523009	8316001	399269003
fd1d8e76-82c4-5514-8285-5a42bb2b0a72	20140604	1	900000000000207008	900000000000527005	111333002	204821009
fd799a70-fe7a-59a2-8d49-1952b212cfee	20030131	1	900000000000207008	900000000000523009	12900003	388980004
fdcc1a84-0bdf-5901-86a2-e59024688ef7	20140131	1	900000000000207008	900000000000523009	280717001	53418001
fdff5d57-a340-5ac8-bfd7-2218943fac5c	20140131	1	900000000000207008	900000000000524003	92848007	416516009
fe5e9b74-ba3e-5d91-8c3d-a205028a2ac9	20020731	1	900000000000207008	900000000000523009	11270005	371409005
feaf46f1-da58-5a99-a889-e4d51e8bb686	20060131	1	900000000000207008	900000000000523009	363749005	129441002
ff6a457a-6d65-52ea-a2a9-5828e617f230	20040131	1	900000000000207008	900000000000527005	279075009	22253000
