id	effectiveTime	active	moduleId	refsetId	referencedComponentId	attributeDescription	attributeType	attributeOrder
a6417d6f-5a66-5039-8e94-698d28a4da46	20020131	1	900000000000207008	900000000000456007	446608001	900000000000500006	900000000000461009	0
57c08f90-d110-51d7-9866-687ea59213b4	20020131	1	900000000000207008	900000000000456007	446608001	900000000000499002	900000000000465000	1
d4759302-3afb-565d-b627-17c78e060134	20130731	1	449080006	900000000000456007	447562003	900000000000500006	900000000000461009	0
aee0e3e2-aa89-5a76-9e6f-3ea574434648	20130731	1	449080006	900000000000456007	447562003	900000000000501005	900000000000478000	1
85cc1c27-3a9f-5859-a1c5-7522b51ed528	20130731	1	449080006	900000000000456007	447562003	900000000000502003	900000000000478000	2
d7428912-7544-5a88-abda-ef7c1e44c786	20130731	1	449080006	900000000000456007	447562003	900000000000503008	900000000000465000	3
9eed7b82-3c3b-521b-b42c-46b09a3ba408	20130731	1	449080006	900000000000456007	447562003	900000000000504002	900000000000465000	4
e6283035-2e04-5292-a745-929e03a39735	20130731	1	449080006	900000000000456007	447562003	900000000000505001	900000000000465000	5
ca083ad0-bc5b-5b7b-9641-e3c016af290d	20130731	1	449080006	900000000000456007	447562003	447247004	900000000000461009	6
ad911b65-3425-508f-96e6-75ee0f8d0472	20130731	1	449080006	900000000000456007	447562003	609330002	900000000000461009	7
695f0393-0642-57a1-b075-f02f36871ffa	20020131	1	900000000000207008	900000000000456007	447563008	900000000000500006	900000000000461009	0
359ed728-c2cc-5c98-bb19-697a0fc6d270	20020131	1	900000000000207008	900000000000456007	447563008	900000000000501005	900000000000478000	1
d6663b5c-e76c-5fb2-ace3-1a668cd874cd	20020131	1	900000000000207008	900000000000456007	447563008	900000000000502003	900000000000478000	2
2d37366b-f541-5df6-92a7-ca3add7a79bc	20020131	1	900000000000207008	900000000000456007	447563008	900000000000503008	900000000000465000	3
e85f4d73-ad48-55d6-bbb5-b5769301f12c	20020131	1	900000000000207008	900000000000456007	447563008	900000000000504002	900000000000465000	4
2b8c66d0-b13d-54c9-a506-7eb506e012c5	20020131	1	900000000000207008	900000000000456007	447563008	900000000000505001	900000000000465000	5
576ed8c3-1227-5489-b782-760a3b729b94	20020131	1	900000000000207008	900000000000456007	447563008	447247004	900000000000461009	6
c3bca49d-3f8b-5f92-90e4-6001bc898173	20020131	1	900000000000207008	900000000000456007	447564002	900000000000461009	900000000000461009	0
f7dbf8df-a256-57d6-a775-0d3e9dec67f4	20020131	1	900000000000207008	900000000000456007	447565001	449608002	900000000000461009	0
503094cc-5a01-582d-b559-50b46860d103	20020131	1	900000000000207008	900000000000456007	447566000	449608002	900000000000461009	0
add20782-a3bf-5565-875a-8c88cbbd2b1d	20110731	1	900000000000207008	900000000000456007	447568004	449608002	900000000000461009	0
d15f041f-5c19-58ce-a46e-0f93ae7d5d10	20110731	1	900000000000207008	900000000000456007	447568004	900000000000479008	900000000000478000	1
992912dc-cd7f-5f23-871d-fdd0a40d2ee2	20110731	1	900000000000207008	900000000000456007	447568004	447257003	900000000000461009	2
2d4d5fe5-b141-5019-8fa5-50d4d88746ae	20110731	1	900000000000207008	900000000000456007	447570008	449608002	900000000000461009	0
76326e0e-bfe2-5bf8-83ef-63254a19c04d	20110731	1	900000000000207008	900000000000456007	447570008	900000000000479008	900000000000478000	1
be9045fa-e675-50cc-8e27-56d3d0d73f22	20110731	1	900000000000207008	900000000000456007	447570008	447257003	900000000000461009	2
f135da11-add3-52ce-b4a3-e23fe76108f6	20020131	1	900000000000207008	900000000000456007	900000000000456007	449608002	900000000000461009	0
e713edbc-ffbb-59b6-bf01-7b550c0b4321	20020131	1	900000000000207008	900000000000456007	900000000000456007	900000000000458008	900000000000461009	1
cb4d63ba-72f4-5904-9876-83626032e610	20020131	1	900000000000207008	900000000000456007	900000000000456007	900000000000459000	900000000000461009	2
562c6bd1-d523-51a8-8f35-8c9f3f56a37e	20020131	1	900000000000207008	900000000000456007	900000000000456007	900000000000479008	900000000000478000	3
85d2cadc-65a0-5e0e-aa32-91236adfb1be	20020131	1	900000000000207008	900000000000456007	900000000000488004	449608002	900000000000463007	0
aab3bffc-9cf6-57d5-b8ae-1d6ca13ae84d	20020131	1	900000000000207008	900000000000456007	900000000000488004	900000000000226000	900000000000461009	1
b16f6ba2-e487-521f-aaab-ee1ca85c3eaf	20020131	1	900000000000207008	900000000000456007	900000000000489007	449608002	900000000000461009	0
c6234a3e-15c0-5453-b4b2-4e3e49758d1f	20020131	1	900000000000207008	900000000000456007	900000000000489007	900000000000481005	900000000000461009	1
73954f10-c313-55f4-90b4-82f161e5f8d6	20020131	1	900000000000207008	900000000000456007	900000000000490003	449608002	900000000000462002	0
bbf29d58-0261-56ff-9e00-499d1144d409	20020131	1	900000000000207008	900000000000456007	900000000000490003	900000000000493001	900000000000461009	1
db2496c8-7990-523e-8d16-f8537f5fd599	20020131	1	900000000000207008	900000000000456007	900000000000497000	900000000000500006	900000000000461009	0
6b0771ae-3e22-56ec-b196-0c9bb219bd30	20020131	1	900000000000207008	900000000000456007	900000000000497000	900000000000499002	900000000000465000	1
bbfcaf7c-ea7d-5cde-b019-49ed20a86c38	20020131	1	900000000000207008	900000000000456007	900000000000498005	900000000000500006	900000000000461009	0
e73fdb92-3838-5447-88d7-ea70d09c1cba	20020131	1	900000000000207008	900000000000456007	900000000000498005	900000000000499002	900000000000465000	1
19cd20bd-2841-51b5-a574-05ffb2f3f5a4	20020131	1	900000000000207008	900000000000456007	900000000000508004	900000000000510002	900000000000462002	0
50e6704f-dcab-5273-a2a0-e0a8d87763be	20020131	1	900000000000207008	900000000000456007	900000000000508004	900000000000511003	900000000000461009	1
0daa9880-5875-5de0-9650-21fac667afcb	20020131	1	900000000000207008	900000000000456007	900000000000509007	900000000000510002	900000000000462002	0
a6ea87e3-b5eb-56b8-b68e-be24b6dfaf8f	20020131	1	900000000000207008	900000000000456007	900000000000509007	900000000000511003	900000000000461009	1
326ecf61-21bc-5862-af0d-97cb1b559a60	20020131	1	900000000000207008	900000000000456007	900000000000522004	900000000000532006	900000000000460005	0
a0d5c6dc-0a18-52cd-bf3f-2ee214002e71	20020131	1	900000000000207008	900000000000456007	900000000000522004	900000000000533001	900000000000460005	1
2a48ff52-5c41-5d0b-a834-ff3d92c18f4e	20020131	1	900000000000207008	900000000000456007	900000000000523009	900000000000532006	900000000000460005	0
5217049b-98b9-513c-a69d-a10b313ff53c	20020131	1	900000000000207008	900000000000456007	900000000000523009	900000000000533001	900000000000460005	1
a2afb641-e1c2-565e-a748-f4b3c7e9f146	20020131	1	900000000000207008	900000000000456007	900000000000524003	900000000000532006	900000000000460005	0
8bc8366e-7cf1-55ef-9f90-872183466155	20020131	1	900000000000207008	900000000000456007	900000000000524003	900000000000533001	900000000000460005	1
6a43fad0-f72e-4bca-b1ca-464c3152f1fb	20140131	1	900000000000207008	900000000000456007	900000000000525002	900000000000532006	900000000000460005	0
57e49740-10f0-4686-bafa-9df831bc33f2	20140131	1	900000000000207008	900000000000456007	900000000000525002	900000000000533001	900000000000460005	1
89aa39de-d0a8-5879-9ea6-79a88e6d65de	20020131	1	900000000000207008	900000000000456007	900000000000526001	900000000000532006	900000000000460005	0
64517213-f0ab-5430-b6d3-d9b647e80ddb	20020131	1	900000000000207008	900000000000456007	900000000000526001	900000000000533001	900000000000460005	1
3766b993-ccae-50da-935f-6fb5af9687aa	20020131	1	900000000000207008	900000000000456007	900000000000527005	900000000000532006	900000000000460005	0
eb9ea963-215e-59a8-a3fc-a41c2e5702f7	20020131	1	900000000000207008	900000000000456007	900000000000527005	900000000000533001	900000000000460005	1
76433bbf-91b8-4a66-be1a-6ae753941efb	20140131	1	900000000000207008	900000000000456007	900000000000528000	900000000000532006	900000000000460005	0
07282932-6d67-4bf0-b63d-0c9a82c06800	20140131	1	900000000000207008	900000000000456007	900000000000528000	900000000000533001	900000000000460005	1
06522d4b-2512-4c08-9ab6-2a2a0ef2e660	20140131	1	900000000000207008	900000000000456007	900000000000530003	900000000000532006	900000000000460005	0
5cc4c1cf-bbc4-496c-9718-b301af8b2a1d	20140131	1	900000000000207008	900000000000456007	900000000000530003	900000000000533001	900000000000460005	1
9a85bfeb-05fd-4617-88a0-b618ab92522d	20140131	1	900000000000207008	900000000000456007	900000000000531004	900000000000532006	900000000000460005	0
8561568a-c56c-4b02-aaff-05e581606ebf	20140131	1	900000000000207008	900000000000456007	900000000000531004	900000000000533001	900000000000460005	1
37c34325-8f10-5bdc-86fc-62e38b706988	20020131	1	900000000000207008	900000000000456007	900000000000534007	900000000000535008	900000000000461009	0
587d6443-f2ae-5804-a0b0-fe7303572b79	20020131	1	900000000000207008	900000000000456007	900000000000534007	900000000000536009	900000000000475002	1
402c81ee-6eae-5dd3-850d-3aa331a340c2	20020131	1	900000000000207008	900000000000456007	900000000000534007	900000000000537000	900000000000475002	2
e8f00a4a-0a0c-5f92-a801-354f23625f17	20020131	1	900000000000207008	900000000000456007	900000000000538005	900000000000462002	900000000000461009	0
9d939ce5-d00f-55a4-ba11-bebcb0903274	20020131	1	900000000000207008	900000000000456007	900000000000538005	900000000000539002	900000000000461009	1
dd24e563-e194-5a3e-a251-8a5ccf5d8820	20020131	1	900000000000207008	900000000000456007	900000000000538005	900000000000544009	900000000000478000	2
